2015 01 27 10 24
2015 02 09 17 01
2015 02 20 15 15
2015 03 03 23 40
2015 03 11 20 44
2015 03 15 23 14
2015 03 17 18 21
2015 05 11 19 42
2015 06 01 05 36
2015 06 05 17 11
2015 07 24 06 39
2015 08 22 15 30
2015 09 23 10 51
2015 11 07 16 52
2015 11 19 06 06
2015 12 09 14 28
2015 12 17 13 15
2015 12 23 13 58
2015 12 28 13 11
2016 01 21 09 31
2016 02 17 11 29
2016 03 26 09 35
2016 05 03 16 45
2016 05 05 13 15
2016 05 27 02 09
2016 06 22 10 14
2016 07 23 00 29
2016 09 08 08 12
2016 09 23 21 10
2016 10 16 19 50
2016 10 28 23 04
2016 11 05 17 42
2016 11 09 10 49
2016 11 16 05 51
2016 12 24 22 45
2017 01 08 23 38
2017 01 09 21 30
2017 02 21 21 07
2017 03 07 00 36
2017 03 16 00 08
2017 03 28 00 57
2017 03 28 06 24
2017 05 14 05 47
2017 05 26 01 43
2017 06 22 03 06
2017 07 04 09 59
2017 07 18 03 59
2017 07 25 01 32
2017 09 02 21 18
2017 09 19 05 21
2017 10 04 22 38
2017 10 11 05 50
2017 10 15 04 06
2017 11 14 03 57
2017 11 18 12 07
2017 12 07 23 47
2018 02 06 03 56
2018 03 04 19 31
2018 03 13 23 15
2018 03 16 14 45
2018 03 26 07 48
2018 04 24 10 16
2018 04 28 23 49
2018 05 19 16 27
2018 05 26 21 59
2018 06 02 03 57
2018 06 07 05 00
2018 07 18 14 28
2018 08 13 07 56
2018 08 28 12 13
2018 09 19 17 50
2018 09 28 05 56
2018 10 13 06 14
2018 10 15 03 35
2018 11 17 06 05
2018 11 22 17 56
2018 11 25 14 19
2019 02 18 10 28
2019 02 21 21 22
2019 03 06 21 09
2019 05 06 11 52
2019 05 22 03 30
2019 06 09 16 48
2019 06 25 01 46
2019 07 10 01 42
2019 07 11 01 26
2019 07 25 22 36
2019 08 22 21 54
2019 08 24 09 29
2019 09 03 14 45
2019 09 04 14 49
2019 09 07 18 05
2019 09 16 09 36
2019 10 17 08 26
2019 10 27 10 55
2019 11 03 10 58
2019 11 16 06 59
2019 11 22 14 37
2019 12 19 02 28
2019 12 28 15 09
