2014 01 02 01 50
2014 01 22 19 05
2014 01 22 19 19
2014 03 17 20 32
2014 04 07 10 39
2014 05 23 22 25
2014 06 10 23 42
2014 06 14 15 56
2014 06 17 18 12
2014 06 26 22 43
2014 07 16 22 44
2014 10 01 15 36
2014 11 11 00 44
2014 11 20 01 19
2014 11 21 12 56
2014 12 18 08 02
2015 01 08 05 08
2015 03 15 10 42
2015 03 21 15 36
2015 03 26 18 41
2015 06 09 07 19
2015 07 01 03 35
2015 08 06 23 01
2015 08 16 01 08
2015 09 02 11 24
2015 10 25 15 42
2015 10 28 03 19
2015 12 08 15 08
2016 01 26 13 49
2016 03 13 22 01
2016 03 15 21 55
2016 04 12 04 28
2016 05 10 02 19
2016 06 28 13 03
2016 07 23 01 49
2016 08 14 17 11
2016 09 12 12 12
2016 10 09 11 21
2016 10 18 21 02
2016 12 06 01 47
2017 01 12 13 41
2017 02 10 14 32
2017 03 10 03 28
2017 05 23 13 22
2017 07 27 18 00
2017 08 08 05 42
2017 08 11 08 19
2017 12 01 19 11
2017 12 08 17 15
2017 12 22 03 19
